(* Content-type: application/vnd.wolfram.mathematica *)

(*** Wolfram Notebook File ***)
(* http://www.wolfram.com/nb *)

(* CreatedBy='Mathematica 12.1' *)

(*CacheID: 234*)
(* Internal cache information:
NotebookFileLineBreakTest
NotebookFileLineBreakTest
NotebookDataPosition[       158,          7]
NotebookDataLength[   3961312,      65735]
NotebookOptionsPosition[   3956558,      65655]
NotebookOutlinePosition[   3957044,      65673]
CellTagsIndexPosition[   3957001,      65670]
WindowFrame->Normal*)

(* Beginning of Notebook Content *)
Notebook[{
Cell[BoxData[
 RowBox[{
  RowBox[{
  "SetDirectory", "[", 
   "\"\</Users/arsenytokarev/Desktop/BMSTU_Practices/TSP/TSPXcode/TSPXcode/\
Helpers\>\"", "]"}], ";"}]], "Input",
 CellChangeTimes->{{3.83241689361023*^9, 3.832416914987739*^9}, 
   3.832417562981896*^9},
 FontSize->18,
 CellLabel->"In[57]:=",ExpressionUUID->"b0c417db-941e-4adb-b209-fc80dc65d425"],

Cell[BoxData[
 RowBox[{"(*", 
  RowBox[{
   RowBox[{"coordOfCountries", " ", "=", " ", 
    RowBox[{"{", "\[IndentingNewLine]", 
     RowBox[{
      RowBox[{"{", 
       RowBox[{"21", ",", "23"}], " ", "}"}], ",", "\[IndentingNewLine]", 
      RowBox[{"{", 
       RowBox[{"13", ",", " ", 
        RowBox[{"-", "43"}]}], "}"}], ",", "\[IndentingNewLine]", 
      RowBox[{"{", 
       RowBox[{"43", ",", " ", 
        RowBox[{"-", "4"}]}], "}"}], ",", "\[IndentingNewLine]", 
      RowBox[{"{", 
       RowBox[{
        RowBox[{"-", "10"}], ",", " ", 
        RowBox[{"-", "12"}]}], "}"}], ",", "\[IndentingNewLine]", 
      RowBox[{"{", 
       RowBox[{
        RowBox[{"-", "15"}], ",", " ", 
        RowBox[{"-", "95"}]}], "}"}], ",", "\[IndentingNewLine]", 
      RowBox[{"{", 
       RowBox[{
        RowBox[{"-", "15"}], ",", " ", 
        RowBox[{"-", "25"}]}], "}"}], ",", "\[IndentingNewLine]", 
      RowBox[{"{", 
       RowBox[{
        RowBox[{"-", "35"}], ",", " ", 
        RowBox[{"-", "95"}]}], "}"}], ",", "\[IndentingNewLine]", 
      RowBox[{"{", 
       RowBox[{
        RowBox[{"-", "14"}], ",", " ", 
        RowBox[{"-", "35"}]}], "}"}], ",", "\[IndentingNewLine]", 
      RowBox[{"{", 
       RowBox[{"0", ",", " ", "0"}], "}"}], ",", "\[IndentingNewLine]", 
      RowBox[{"{", 
       RowBox[{
        RowBox[{"-", "41"}], ",", " ", 
        RowBox[{"-", "89"}]}], "}"}], ",", "\[IndentingNewLine]", 
      RowBox[{"{", 
       RowBox[{
        RowBox[{"-", "25"}], ",", " ", 
        RowBox[{"-", "25"}]}], "}"}], ",", "\[IndentingNewLine]", 
      RowBox[{"{", 
       RowBox[{
        RowBox[{"-", "10"}], ",", " ", "10"}], "}"}], ",", 
      "\[IndentingNewLine]", 
      RowBox[{"{", 
       RowBox[{"26", ",", " ", "63"}], "}"}], ",", "\[IndentingNewLine]", 
      RowBox[{"{", 
       RowBox[{
        RowBox[{"-", "3"}], ",", " ", 
        RowBox[{"-", "80"}]}], "}"}], ",", "\[IndentingNewLine]", 
      RowBox[{"{", 
       RowBox[{"61", ",", " ", "30"}], "}"}]}], "\[IndentingNewLine]", 
     "}"}]}], ";"}], "*)"}]], "Input",
 CellChangeTimes->{{3.83241691815971*^9, 3.832416963631757*^9}, {
   3.832417016067161*^9, 3.8324171423230877`*^9}, 3.8324177730549498`*^9, {
   3.832418702945179*^9, 3.8324187048687162`*^9}, {3.83241883730048*^9, 
   3.832418844123905*^9}, {3.83242047594707*^9, 3.8324204765334463`*^9}, {
   3.832424588328095*^9, 3.832424603755518*^9}, {3.8324260874514627`*^9, 
   3.832426097774186*^9}, {3.832437151660275*^9, 3.83243717693292*^9}, {
   3.832437218982236*^9, 3.832437219143476*^9}, {3.832437590415368*^9, 
   3.8324375945770903`*^9}, {3.832656649584982*^9, 3.8326567111450453`*^9}, {
   3.8326567475819197`*^9, 3.832656795567195*^9}, {3.832656911607881*^9, 
   3.8326570283680153`*^9}, {3.832657101842608*^9, 3.832657184698674*^9}, {
   3.832657255740052*^9, 3.832657491333474*^9}, {3.832658484838388*^9, 
   3.832658540497488*^9}, {3.832658589120873*^9, 3.8326586355807734`*^9}, {
   3.8326586897966003`*^9, 3.832658884716021*^9}, {3.832658947945236*^9, 
   3.832658961876849*^9}, 3.8326590797733393`*^9, {3.832659142609145*^9, 
   3.832659272229224*^9}, 3.832660353963612*^9, 3.832660386340248*^9},
 FontSize->18,
 CellLabel->"In[58]:=",ExpressionUUID->"a54b27b9-3244-43b8-a593-76642d07ed1e"],

Cell[CellGroupData[{

Cell[BoxData[
 StyleBox[
  RowBox[{
   RowBox[{"Put", " ", "coordinates", "  ", "X"}], " ", "=", 
   RowBox[{
    RowBox[{"longtitude", " ", "and", "  ", "Y"}], " ", "=", " ", 
    RowBox[{
     RowBox[{"latitude", " ", "as", " ", 
      RowBox[{"following", ":", " ", 
       RowBox[{"{", 
        RowBox[{"X", ",", " ", "Y"}], "}"}]}]}], " ", "=", " ", 
     RowBox[{"{", 
      RowBox[{"lon", ",", " ", "lat"}], "}"}]}]}]}], "Subsection"]], "Input",
 CellLabel->"In[59]:=",ExpressionUUID->"0e87f193-c68f-410c-bf98-0339b18bdef1"],

Cell[BoxData[
 TemplateBox[{
  "Set", "write", 
   "\"Tag \\!\\(\\*RowBox[{\\\"Times\\\"}]\\) in \\!\\(\\*RowBox[{\\\"as\\\", \
\\\" \\\", \\\"latitude\\\", \\\" \\\", RowBox[{\\\"(\\\", \
RowBox[{\\\"following\\\", \\\":\\\", RowBox[{\\\"{\\\", RowBox[{\\\"X\\\", \
\\\",\\\", \\\"Y\\\"}], \\\"}\\\"}]}], \\\")\\\"}]}]\\) is Protected.\"", 2, 
   59, 49, 21864276627177455423, "Local"},
  "MessageTemplate"]], "Message", "MSG",
 CellChangeTimes->{
  3.8326592750448723`*^9, 3.832659339924427*^9, {3.832659510244958*^9, 
   3.832659526537733*^9}, 3.832660355331558*^9, 3.832660390088337*^9, 
   3.832685196150507*^9, 3.832691085075591*^9, 3.832691554737574*^9},
 CellLabel->
  "During evaluation of \
In[59]:=",ExpressionUUID->"d617765f-a837-45c7-9d46-cd12df170f4e"],

Cell[BoxData[
 TemplateBox[{
  "Set", "write", 
   "\"Tag \\!\\(\\*RowBox[{\\\"Times\\\"}]\\) in \
\\!\\(\\*RowBox[{\\\"and\\\", \\\" \\\", \\\"longtitude\\\", \\\" \\\", \\\"Y\
\\\"}]\\) is Protected.\"", 2, 59, 50, 21864276627177455423, "Local"},
  "MessageTemplate"]], "Message", "MSG",
 CellChangeTimes->{
  3.8326592750448723`*^9, 3.832659339924427*^9, {3.832659510244958*^9, 
   3.832659526537733*^9}, 3.832660355331558*^9, 3.832660390088337*^9, 
   3.832685196150507*^9, 3.832691085075591*^9, 3.8326915547428427`*^9},
 CellLabel->
  "During evaluation of \
In[59]:=",ExpressionUUID->"eacdad1a-09a5-4ac8-8145-26aed43fcaa5"],

Cell[BoxData[
 TemplateBox[{
  "Set", "write", 
   "\"Tag \\!\\(\\*RowBox[{\\\"Times\\\"}]\\) in \
\\!\\(\\*RowBox[{\\\"coordinates\\\", \\\" \\\", \\\"Put\\\", \\\" \\\", \
\\\"X\\\"}]\\) is Protected.\"", 2, 59, 51, 21864276627177455423, "Local"},
  "MessageTemplate"]], "Message", "MSG",
 CellChangeTimes->{
  3.8326592750448723`*^9, 3.832659339924427*^9, {3.832659510244958*^9, 
   3.832659526537733*^9}, 3.832660355331558*^9, 3.832660390088337*^9, 
   3.832685196150507*^9, 3.832691085075591*^9, 3.8326915547470903`*^9},
 CellLabel->
  "During evaluation of \
In[59]:=",ExpressionUUID->"522a2285-f748-41e8-b141-4ff88c7b30f3"],

Cell[BoxData[
 TemplateBox[{
  "General", "stop", 
   "\"Further output of \\!\\(\\*StyleBox[RowBox[{\\\"Set\\\", \\\"::\\\", \\\
\"write\\\"}], \\\"MessageName\\\"]\\) will be suppressed during this \
calculation.\"", 2, 59, 52, 21864276627177455423, "Local"},
  "MessageTemplate"]], "Message", "MSG",
 CellChangeTimes->{
  3.8326592750448723`*^9, 3.832659339924427*^9, {3.832659510244958*^9, 
   3.832659526537733*^9}, 3.832660355331558*^9, 3.832660390088337*^9, 
   3.832685196150507*^9, 3.832691085075591*^9, 3.8326915547514*^9},
 CellLabel->
  "During evaluation of \
In[59]:=",ExpressionUUID->"1e333e10-428b-4bd8-bc13-1ba35709aea0"],

Cell[BoxData[
 RowBox[{"{", 
  RowBox[{"lon", ",", "lat"}], "}"}]], "Output",
 CellChangeTimes->{
  3.832659275064842*^9, 3.83265933994207*^9, {3.832659510266732*^9, 
   3.832659526555954*^9}, 3.832660355351273*^9, 3.8326603901077147`*^9, 
   3.83268519619753*^9, 3.832691085093671*^9, 3.832691554756085*^9},
 CellLabel->"Out[59]=",ExpressionUUID->"40f00d03-5072-4a1f-b7f0-40dbf67fca3f"]
}, Open  ]],

Cell[BoxData[
 RowBox[{
  RowBox[{"coordOfCountries", " ", "=", " ", 
   RowBox[{"{", "\[IndentingNewLine]", 
    RowBox[{
     RowBox[{"{", 
      RowBox[{"37.620407", ",", " ", "55.754093"}], "}"}], ",", " ", 
     RowBox[{"(*", "Moscow", "*)"}], "\[IndentingNewLine]", 
     RowBox[{"{", 
      RowBox[{"2.154007", ",", " ", "41.390205"}], "}"}], ",", " ", 
     RowBox[{"(*", "Barcelona", "*)"}], " ", "\[IndentingNewLine]", 
     RowBox[{"{", 
      RowBox[{"6.783333", ",", " ", "51.233334"}], "}"}], ",", " ", 
     RowBox[{"(*", "D\[UDoubleDot]sseldorf", "*)"}], "\[IndentingNewLine]", 
     RowBox[{"{", 
      RowBox[{"2.784018", ",", " ", "48.867374"}], "}"}], ",", " ", 
     RowBox[{"(*", "Paris", "*)"}], "\[IndentingNewLine]", 
     RowBox[{"{", 
      RowBox[{"10.768063", ",", " ", "59.924545"}], "}"}], ",", 
     RowBox[{"(*", "Oslo", "*)"}], "\[IndentingNewLine]", 
     RowBox[{"{", 
      RowBox[{"116.597504", ",", " ", "40.072498"}], "}"}], ",", " ", 
     RowBox[{"(*", "Beijing", "*)"}], "\[IndentingNewLine]", 
     RowBox[{"{", 
      RowBox[{"24.936056", ",", " ", "60.165249"}], "}"}], ",", " ", 
     RowBox[{"(*", "Helsinki", "*)"}], " ", "\[IndentingNewLine]", 
     RowBox[{"{", 
      RowBox[{"39.729996", ",", " ", "43.588348"}], "}"}], ",", " ", 
     RowBox[{"(*", "Sochi", "*)"}], "\[IndentingNewLine]", 
     RowBox[{"{", 
      RowBox[{
       RowBox[{"-", "21.827774"}], ",", " ", "64.128288"}], "}"}], ",", " ", 
     RowBox[{"(*", "Reykjav\[IAcute]k", "*)"}], "\[IndentingNewLine]", 
     RowBox[{"{", 
      RowBox[{"4.851515", ",", " ", "52.374523"}], "}"}], " ", ",", 
     RowBox[{"(*", "Amsterdam", "*)"}], "\[IndentingNewLine]", 
     RowBox[{"{", 
      RowBox[{"139.810699", ",", " ", "35.710064"}], "}"}], ",", " ", 
     RowBox[{"(*", "Tokyo", "*)"}], "\[IndentingNewLine]", 
     RowBox[{"{", 
      RowBox[{"5.370000", ",", " ", "43.296398"}], "}"}], " ", 
     RowBox[{"(*", "Marseille", "*)"}], ",", "\[IndentingNewLine]", 
     RowBox[{"{", 
      RowBox[{"12.568337", ",", " ", "55.676098"}], "}"}], ",", " ", 
     RowBox[{"(*", "Copengagen", "*)"}], "\[IndentingNewLine]", 
     RowBox[{"{", 
      RowBox[{"21.002769", ",", " ", "52.232361"}], "}"}], ",", " ", 
     RowBox[{"(*", "Warsaw", "*)"}], "\[IndentingNewLine]", 
     RowBox[{"{", 
      RowBox[{"23.727539", ",", " ", "37.983810"}], "}"}], ",", " ", 
     RowBox[{"(*", "Athens", "*)"}], "\[IndentingNewLine]", 
     RowBox[{"{", 
      RowBox[{"6.769180", ",", " ", "61.505070"}], "}"}], ",", " ", 
     RowBox[{"(*", 
      RowBox[{"Faroe", " ", "Islands"}], "*)"}], "\[IndentingNewLine]", 
     RowBox[{"{", 
      RowBox[{"14.409943", ",", " ", "35.917973"}], "}"}], ",", " ", 
     RowBox[{"(*", "Malta", "*)"}], "\[IndentingNewLine]", 
     RowBox[{"{", 
      RowBox[{
       RowBox[{"-", "0.118092"}], ",", " ", "51.509865"}], "}"}], ",", " ", 
     RowBox[{"(*", "London", "*)"}], "\[IndentingNewLine]", 
     RowBox[{"{", 
      RowBox[{
       RowBox[{"-", "3.190000"}], ",", " ", "55.946945"}], "}"}], ",", " ", 
     RowBox[{"(*", "Edinburg", "*)"}], "\[IndentingNewLine]", 
     RowBox[{"{", 
      RowBox[{
       RowBox[{"-", "3.179090"}], ",", " ", "51.481583"}], "}"}], ",", " ", 
     RowBox[{"(*", "Cardiff", "*)"}], "\[IndentingNewLine]", 
     RowBox[{"{", 
      RowBox[{"18.053135", ",", " ", "59.332848"}], "}"}]}], " ", 
    RowBox[{"(*", "Stockhom", "*)"}], "\[IndentingNewLine]", "}"}]}], 
  ";"}]], "Input",
 CellChangeTimes->{{3.8326593031041203`*^9, 3.8326593088914623`*^9}, {
   3.8326595087608137`*^9, 3.8326595246719933`*^9}, 3.832660350675118*^9, 
   3.832660389378491*^9},
 CellLabel->"In[60]:=",ExpressionUUID->"7f2a40fe-3685-4fe5-a5dc-d425a9003ea8"],

Cell[CellGroupData[{

Cell[BoxData[
 RowBox[{"coordOfCountries", " ", "//", " ", "MatrixForm"}]], "Input",
 CellChangeTimes->{{3.83241719316018*^9, 3.832417196983384*^9}, {
   3.832420478446932*^9, 3.832420478896296*^9}, 3.832426126511355*^9},
 CellLabel->"In[61]:=",ExpressionUUID->"e8090fbe-8d2f-4c66-a755-027aa3b9c915"],

Cell[BoxData[
 TagBox[
  RowBox[{"(", "\[NoBreak]", GridBox[{
     {"37.620407`", "55.754093`"},
     {"2.154007`", "41.390205`"},
     {"6.783333`", "51.233334`"},
     {"2.784018`", "48.867374`"},
     {"10.768063`", "59.924545`"},
     {"116.597504`", "40.072498`"},
     {"24.936056`", "60.165249`"},
     {"39.729996`", "43.588348`"},
     {
      RowBox[{"-", "21.827774`"}], "64.128288`"},
     {"4.851515`", "52.374523`"},
     {"139.810699`", "35.710064`"},
     {"5.37`", "43.296398`"},
     {"12.568337`", "55.676098`"},
     {"21.002769`", "52.232361`"},
     {"23.727539`", "37.98381`"},
     {"6.76918`", "61.50507`"},
     {"14.409943`", "35.917973`"},
     {
      RowBox[{"-", "0.118092`"}], "51.509865`"},
     {
      RowBox[{"-", "3.19`"}], "55.946945`"},
     {
      RowBox[{"-", "3.17909`"}], "51.481583`"},
     {"18.053135`", "59.332848`"}
    },
    GridBoxAlignment->{"Columns" -> {{Center}}, "Rows" -> {{Baseline}}},
    GridBoxSpacings->{"Columns" -> {
        Offset[0.27999999999999997`], {
         Offset[0.7]}, 
        Offset[0.27999999999999997`]}, "Rows" -> {
        Offset[0.2], {
         Offset[0.4]}, 
        Offset[0.2]}}], "\[NoBreak]", ")"}],
  Function[BoxForm`e$, 
   MatrixForm[BoxForm`e$]]]], "Output",
 CellChangeTimes->{{3.83265925271808*^9, 3.832659275092167*^9}, 
   3.8326593399904823`*^9, {3.832659510319515*^9, 3.832659526588153*^9}, 
   3.832660355377387*^9, 3.832660390136579*^9, 3.832685196227089*^9, 
   3.832691085120942*^9, 3.832691554793788*^9},
 CellLabel->
  "Out[61]//MatrixForm=",ExpressionUUID->"e6b8c937-c2bc-4ee7-b31b-\
454110031cfd"]
}, Open  ]],

Cell[BoxData[""], "Input",
 CellChangeTimes->{{3.832658963566105*^9, 3.8326589726133823`*^9}},
 CellLabel->"In[62]:=",ExpressionUUID->"13a9286a-a86c-4205-85b4-2089193ad34f"],

Cell[CellGroupData[{

Cell["Calculating all costs from one point to another", "Subtitle",
 CellChangeTimes->{{3.832421297252099*^9, 
  3.8324213201166286`*^9}},ExpressionUUID->"ece21889-ed9f-4b60-84d8-\
dc4d3052cd0c"],

Cell[CellGroupData[{

Cell[BoxData[{
 RowBox[{
  RowBox[{"costMatrix", " ", "=", " ", 
   RowBox[{"DistanceMatrix", "[", "coordOfCountries", "]"}]}], " ", 
  ";"}], "\[IndentingNewLine]", 
 RowBox[{
  RowBox[{"costMatrix", " ", "//", " ", "MatrixForm"}], " ", "//", " ", 
  "N"}]}], "Input",
 CellChangeTimes->{{3.832417424310203*^9, 3.8324174266847153`*^9}, {
   3.832417464008132*^9, 3.832417470107792*^9}, {3.832418167210288*^9, 
   3.832418170434732*^9}, 3.832420481759995*^9, {3.832421061477311*^9, 
   3.8324210677511997`*^9}, {3.832421104937317*^9, 3.832421123074897*^9}, 
   3.832426198596106*^9, {3.8324277780298843`*^9, 3.832427778641624*^9}},
 CellLabel->"In[63]:=",ExpressionUUID->"872b3ef3-94bf-4868-b4ae-53c04eaad799"],

Cell[BoxData[
 TagBox[
  RowBox[{"(", "\[NoBreak]", GridBox[{
     {"0.`", "38.26469400683278`", "31.16668726088092`", "35.51057444120387`",
       "27.17427180585784`", "80.51890630337346`", "13.42948463447265`", 
      "12.34729594502156`", "60.035101116819874`", "32.94270444715437`", 
      "104.13749986243238`", "34.57286387296653`", "25.052191411230375`", 
      "16.98671507322319`", "22.556478873386087`", "31.382669482694713`", 
      "30.531906192533995`", "37.97641081104143`", "40.81086266424116`", 
      "41.02259495879203`", "19.89184810096862`"},
     {"38.26469400683278`", "0.`", "10.877400779824056`", 
      "7.503663779426818`", "20.43829053533431`", "114.45108281413007`", 
      "29.521585896430718`", "37.6402282402295`", "33.04763589800108`", 
      "11.31069367170679`", "137.77383225475998`", "3.7384733153117473`", 
      "17.67894250673238`", "21.744612566357212`", "21.840806071458285`", 
      "20.637529304356033`", "13.422119441352026`", "10.371593531439656`", 
      "15.506678891485725`", "11.41393155535344`", "23.973333289007453`"},
     {"31.16668726088092`", "10.877400779824056`", "0.`", 
      "4.646750175211166`", "9.56113078142021`", "110.37987322259497`", 
      "20.231175395462177`", "33.82201078847567`", "31.38272267391032`", 
      "2.2437096779318417`", "133.93002656757318`", "8.06179032454857`", 
      "7.294136223002147`", "14.254487542694232`", "21.509439862465317`", 
      "10.271745750411908`", "17.10922156769328`", "6.906962894397652`", 
      "11.03111507456114`", "9.965515520881496`", "13.87842080913387`"},
     {"35.51057444120387`", "7.503663779426818`", "4.646750175211166`", "0.`",
       "13.63840185231635`", "114.15278988849799`", "24.866740177777004`", 
      "37.321219244354275`", "28.959209270397213`", "4.0711961329823`", 
      "137.656914509631`", "6.141911469314739`", "11.920218991358215`", 
      "18.52690005128138`", "23.602606576807084`", "13.251146227955532`", 
      "17.40256068411847`", "3.92492052622483`", "9.263326433218525`", 
      "6.510971180656924`", "18.511404052755292`"},
     {"27.17427180585784`", "20.43829053533431`", "9.56113078142021`", 
      "13.63840185231635`", "0.`", "107.67531914260896`", 
      "14.170037546303998`", "33.251539746593664`", "32.86578836633343`", 
      "9.592099480134053`", "131.2948704098064`", "17.482401345512518`", 
      "4.614140048468944`", "12.803081722628036`", "25.482226561562495`", 
      "4.299898199180301`", "24.281243566291735`", "13.759186392604217`", 
      "14.513746052345308`", "16.30357887516888`", "7.309061457190863`"},
     {"80.51890630337346`", "114.45108281413007`", "110.37987322259497`", 
      "114.15278988849799`", "107.67531914260896`", "0.`", 
      "93.8378372097562`", "76.94787188319482`", "140.49995950854`", 
      "112.42110956883829`", "23.61955233513923`", "111.27421613869053`", 
      "105.19287009904183`", "96.36501246769491`", "92.8934498049382`", 
      "111.90002634130235`", "102.27197906124799`", "117.27465077128947`", 
      "120.83478051499007`", "120.31874205948989`", "100.40893258934018`"},
     {"13.42948463447265`", "29.521585896430718`", "20.231175395462177`", 
      "24.866740177777004`", "14.170037546303998`", "93.8378372097562`", 
      "0.`", "22.21833268918712`", "46.931455063575655`", 
      "21.54261355517842`", "117.44888112605275`", "25.833866947387822`", 
      "13.157239450726813`", "8.854459816663752`", "22.21433657460898`", 
      "18.216215411314643`", "26.433491035217898`", "26.507093469359482`", 
      "28.440624373447783`", "29.42562641305826`", "6.9330724009664`"},
     {"12.34729594502156`", "37.6402282402295`", "33.82201078847567`", 
      "37.321219244354275`", "33.251539746593664`", "76.94787188319482`", 
      "22.21833268918712`", "0.`", "64.89413057108092`", "35.9681151577058`", 
      "100.39031064678935`", "34.36123629793486`", "29.729941468068535`", 
      "20.62590584322778`", "16.95551462593492`", "37.51565431404789`", 
      "26.456374214231133`", "40.6278297332879`", "44.66386656401822`", 
      "43.629036433556735`", "26.791334103835155`"},
     {"60.035101116819874`", "33.04763589800108`", "31.38272267391032`", 
      "28.959209270397213`", "32.86578836633343`", "140.49995950854`", 
      "46.931455063575655`", "64.89413057108092`", "0.`", 
      "29.15365248507888`", "164.11761456067384`", "34.259109029967135`", 
      "35.41937277423784`", "44.45186714710844`", "52.5244730808454`", 
      "28.717016745366156`", "45.92378475007601`", "25.110453829989872`", 
      "20.354385103921096`", "22.532477943823245`", "40.168185762614186`"},
     {"32.94270444715437`", "11.31069367170679`", "2.2437096779318417`", 
      "4.0711961329823`", "9.592099480134053`", "112.42110956883829`", 
      "21.54261355517842`", "35.9681151577058`", "29.15365248507888`", "0.`", 
      "135.9841370885168`", "9.092919234813976`", "8.393434294751403`", 
      "16.15187963695743`", "23.7359832890265`", "9.329754957737851`", 
      "19.03106890675571`", "5.044266764497394`", "8.799327385732898`", 
      "8.080096441851731`", "14.923171828737516`"},
     {"104.13749986243238`", "137.77383225475998`", "133.93002656757318`", 
      "137.656914509631`", "131.2948704098064`", "23.61955233513923`", 
      "117.44888112605275`", "100.39031064678935`", "164.11761456067384`", 
      "135.9841370885168`", "0.`", "134.65457293077037`", 
      "128.79930590274233`", "119.95128398246143`", "116.10542604227467`", 
      "135.51910607869058`", "125.40092835192176`", "140.81796853513148`", 
      "144.42552152267535`", "143.85694480918147`", "124.02798198440847`"},
     {"34.57286387296653`", "3.7384733153117473`", "8.06179032454857`", 
      "6.141911469314739`", "17.482401345512518`", "111.27421613869053`", 
      "25.833866947387822`", "34.36123629793486`", "34.259109029967135`", 
      "9.092919234813976`", "134.65457293077037`", "0.`", 
      "14.320371072551472`", "18.006523855112345`", "19.110803996542504`", 
      "18.26235036012572`", "11.668835628453854`", "9.878268773451799`", 
      "15.274486551082784`", "11.835716848265886`", "20.445773206966884`"},
     {"25.052191411230375`", "17.67894250673238`", "7.294136223002147`", 
      "11.920218991358215`", "4.614140048468944`", "105.19287009904183`", 
      "13.157239450726813`", "29.729941468068535`", "35.41937277423784`", 
      "8.393434294751403`", "128.79930590274233`", "14.320371072551472`", 
      "0.`", "9.110376923475398`", "20.917572611365504`", 
      "8.222355896422448`", "19.84376517132928`", "13.3530138239399`", 
      "15.760664424540545`", "16.296484688593242`", "6.592027735325754`"},
     {"16.98671507322319`", "21.744612566357212`", "14.254487542694232`", 
      "18.52690005128138`", "12.803081722628036`", "96.36501246769491`", 
      "8.854459816663752`", "20.62590584322778`", "44.45186714710844`", 
      "16.15187963695743`", "119.95128398246143`", "18.006523855112345`", 
      "9.110376923475398`", "0.`", "14.506742472123126`", "16.987589235074`", 
      "17.59615328646633`", "21.133214848937136`", "24.4762784381208`", 
      "24.193510954410172`", "7.6887746989442345`"},
     {"22.556478873386087`", "21.840806071458285`", "21.509439862465317`", 
      "23.602606576807084`", "25.482226561562495`", "92.8934498049382`", 
      "22.21433657460898`", "16.95551462593492`", "52.5244730808454`", 
      "23.7359832890265`", "116.10542604227467`", "19.110803996542504`", 
      "20.917572611365504`", "14.506742472123126`", "0.`", 
      "28.997165584940905`", "9.543860735037208`", "27.414745697364875`", 
      "32.36090426494207`", "30.102434454760797`", "22.090275785527442`"},
     {"31.382669482694713`", "20.637529304356033`", "10.271745750411908`", 
      "13.251146227955532`", "4.299898199180301`", "111.90002634130235`", 
      "18.216215411314643`", "37.51565431404789`", "28.717016745366156`", 
      "9.329754957737851`", "135.51910607869058`", "18.26235036012572`", 
      "8.222355896422448`", "16.987589235074`", "28.997165584940905`", "0.`", 
      "26.703572646924567`", "12.138312839682833`", "11.40517513184366`", 
      "14.122264961119695`", "11.491135229354366`"},
     {"30.531906192533995`", "13.422119441352026`", "17.10922156769328`", 
      "17.40256068411847`", "24.281243566291735`", "102.27197906124799`", 
      "26.433491035217898`", "26.456374214231133`", "45.92378475007601`", 
      "19.03106890675571`", "125.40092835192176`", "11.668835628453854`", 
      "19.84376517132928`", "17.59615328646633`", "9.543860735037208`", 
      "26.703572646924567`", "0.`", "21.31128567451736`", 
      "26.66304020512351`", "23.486166952212297`", "23.69660775753544`"},
     {"37.97641081104143`", "10.371593531439656`", "6.906962894397652`", 
      "3.92492052622483`", "13.759186392604217`", "117.27465077128947`", 
      "26.507093469359482`", "40.6278297332879`", "25.110453829989872`", 
      "5.044266764497394`", "140.81796853513148`", "9.878268773451799`", 
      "13.3530138239399`", "21.133214848937136`", "27.414745697364875`", 
      "12.138312839682833`", "21.31128567451736`", "0.`", 
      "5.3966932177829054`", "3.061128652560686`", "19.783643590193847`"},
     {"40.81086266424116`", "15.506678891485725`", "11.03111507456114`", 
      "9.263326433218525`", "14.513746052345308`", "120.83478051499007`", 
      "28.440624373447783`", "44.66386656401822`", "20.354385103921096`", 
      "8.799327385732898`", "144.42552152267535`", "15.274486551082784`", 
      "15.760664424540545`", "24.4762784381208`", "32.36090426494207`", 
      "11.40517513184366`", "26.66304020512351`", "5.3966932177829054`", 
      "0.`", "4.465375327914104`", "21.51127898925664`"},
     {"41.02259495879203`", "11.41393155535344`", "9.965515520881496`", 
      "6.510971180656924`", "16.30357887516888`", "120.31874205948989`", 
      "29.42562641305826`", "43.629036433556735`", "22.532477943823245`", 
      "8.080096441851731`", "143.85694480918147`", "11.835716848265886`", 
      "16.296484688593242`", "24.193510954410172`", "30.102434454760797`", 
      "14.122264961119695`", "23.486166952212297`", "3.061128652560686`", 
      "4.465375327914104`", "0.`", "22.637352772593573`"},
     {"19.89184810096862`", "23.973333289007453`", "13.87842080913387`", 
      "18.511404052755292`", "7.309061457190863`", "100.40893258934018`", 
      "6.9330724009664`", "26.791334103835155`", "40.168185762614186`", 
      "14.923171828737516`", "124.02798198440847`", "20.445773206966884`", 
      "6.592027735325754`", "7.6887746989442345`", "22.090275785527442`", 
      "11.491135229354366`", "23.69660775753544`", "19.783643590193847`", 
      "21.51127898925664`", "22.637352772593573`", "0.`"}
    },
    GridBoxAlignment->{"Columns" -> {{Center}}, "Rows" -> {{Baseline}}},
    GridBoxSpacings->{"Columns" -> {
        Offset[0.27999999999999997`], {
         Offset[0.7]}, 
        Offset[0.27999999999999997`]}, "Rows" -> {
        Offset[0.2], {
         Offset[0.4]}, 
        Offset[0.2]}}], "\[NoBreak]", ")"}],
  Function[BoxForm`e$, 
   MatrixForm[BoxForm`e$]]]], "Output",
 CellChangeTimes->{{3.8324211232943783`*^9, 3.832421153060419*^9}, 
   3.832424605210761*^9, {3.832426183193852*^9, 3.832426201846291*^9}, 
   3.832427659306563*^9, 3.832427778986726*^9, 3.832433992927539*^9, 
   3.832434039855872*^9, 3.8324349760643873`*^9, 3.832435582567616*^9, 
   3.832436083468114*^9, 3.8324364288676443`*^9, 3.83243649957127*^9, {
   3.832437178111762*^9, 3.8324372201354723`*^9}, 3.832437595701406*^9, 
   3.832438029234991*^9, 3.832655693304463*^9, 3.8326566408177557`*^9, {
   3.8326567168352737`*^9, 3.832656717671794*^9}, {3.832656787519168*^9, 
   3.832656798487783*^9}, 3.8326574933283873`*^9, {3.832659252766939*^9, 
   3.832659275127356*^9}, 3.832659340055682*^9, {3.832659510358157*^9, 
   3.832659526636518*^9}, 3.8326603554368362`*^9, 3.832660390175363*^9, 
   3.83268519751511*^9, 3.8326910860040417`*^9, 3.832691554846919*^9},
 CellLabel->
  "Out[64]//MatrixForm=",ExpressionUUID->"d171c2c1-fd93-47e5-94fb-\
97a0cea8775e"]
}, Open  ]],

Cell[BoxData[
 RowBox[{
  RowBox[{"trip", " ", "=", " ", 
   RowBox[{"Range", "[", 
    RowBox[{"Length", "@", "coordOfCountries"}], "]"}]}], ";"}]], "Input",
 CellChangeTimes->{{3.832426130522727*^9, 3.832426150919969*^9}, {
  3.832426472245575*^9, 3.832426474119474*^9}, {3.832436415279696*^9, 
  3.832436425254097*^9}, {3.832436494501305*^9, 3.8324364975628357`*^9}},
 CellLabel->"In[65]:=",ExpressionUUID->"d29ad658-f5d7-460a-b12d-35879f5d98c4"],

Cell[BoxData[
 RowBox[{
  RowBox[{"Export", "[", 
   RowBox[{"\"\<costMatrix.txt\>\"", ",", 
    RowBox[{"Join", "[", 
     RowBox[{
      RowBox[{"{", 
       RowBox[{"Length", "@", "trip"}], "}"}], ",", 
      RowBox[{"N", "@", "costMatrix"}]}], "]"}], ",", "\"\<Table\>\"", ",", 
    RowBox[{"\"\<FieldSeparators\>\"", "\[Rule]", "\"\< \>\""}]}], "]"}], 
  ";"}]], "Input",
 CellLabel->"In[66]:=",ExpressionUUID->"338b4a19-a72d-4122-9d08-fb5c46514a56"]
}, Open  ]],

Cell[CellGroupData[{

Cell["Convenience functions & Sketching route ", "Subtitle",
 CellChangeTimes->{{3.8324212490692244`*^9, 3.8324212874765997`*^9}, {
  3.832693858419545*^9, 
  3.832693869379363*^9}},ExpressionUUID->"4d9cbb99-8469-4a68-9a76-\
5ab71c7b07fc"],

Cell[BoxData[{
 RowBox[{
  RowBox[{
   RowBox[{"Distance", "[", 
    RowBox[{"tour_", ",", " ", "i_", ",", " ", "j_"}], "]"}], " ", ":=", " ", 
   
   RowBox[{"costMatrix", "[", 
    RowBox[{"[", "  ", 
     RowBox[{
      RowBox[{"tour", "[", 
       RowBox[{"[", "i", "]"}], "]"}], ",", " ", 
      RowBox[{"tour", "[", 
       RowBox[{"[", "j", "]"}], "]"}]}], "  ", "]"}], "]"}]}], 
  ";"}], "\[IndentingNewLine]", 
 RowBox[{
  RowBox[{
   RowBox[{"Cost", "[", 
    RowBox[{"tour_", ",", " ", "i_", ",", " ", "j_"}], "]"}], " ", ":=", " ", 
   
   RowBox[{
    UnderoverscriptBox["\[Sum]", 
     RowBox[{"k", "=", "i"}], 
     RowBox[{"j", " ", "-", "1"}]], 
    RowBox[{"Distance", "[", 
     RowBox[{"tour", ",", " ", "k", ",", " ", 
      RowBox[{"k", "+", "1"}]}], "]"}]}]}], " ", ";"}], "\[IndentingNewLine]", 
 RowBox[{
  RowBox[{
   RowBox[{"TripLength", "[", "tour_", "]"}], " ", ":=", " ", 
   RowBox[{
    RowBox[{"Cost", "[", 
     RowBox[{"tour", ",", " ", "1", ",", " ", 
      RowBox[{"Length", "@", "tour"}]}], "]"}], " ", "+", " ", 
    RowBox[{"Distance", "[", 
     RowBox[{"tour", ",", " ", 
      RowBox[{"Length", "@", "tour"}], ",", " ", "1"}], "]"}]}]}], 
  ";"}]}], "Input",
 CellChangeTimes->{{3.8326649232746153`*^9, 3.832664996007379*^9}, {
   3.832665075905794*^9, 3.832665118215908*^9}, 3.83269034217183*^9, {
   3.832691755538314*^9, 3.832691789772894*^9}},
 CellLabel->"In[82]:=",ExpressionUUID->"eb4035eb-0a41-4e62-af27-15fcbae0c095"],

Cell[BoxData[
 RowBox[{
  RowBox[{
   RowBox[{"ReversePart", "[", 
    RowBox[{"t_", ",", " ", "start_", ",", " ", "end_"}], "]"}], " ", ":=", 
   " ", 
   RowBox[{"Module", "[", 
    RowBox[{
     RowBox[{"{", 
      RowBox[{
       RowBox[{"tour", " ", "=", " ", "t"}], ",", 
       RowBox[{"temp", " ", "=", " ", "0"}], ",", " ", 
       RowBox[{"i", " ", "=", " ", "start"}], ",", " ", 
       RowBox[{"j", " ", "=", " ", "end"}]}], "}"}], ",", " ", 
     RowBox[{
      RowBox[{"While", "[", 
       RowBox[{
        RowBox[{"i", " ", "<", " ", "j"}], ",", " ", 
        RowBox[{
         RowBox[{"temp", " ", "=", " ", 
          RowBox[{"tour", "[", 
           RowBox[{"[", "i", "]"}], "]"}]}], ";", "  ", 
         RowBox[{
          RowBox[{"tour", "[", 
           RowBox[{"[", "i", "]"}], "]"}], " ", "=", " ", 
          RowBox[{"tour", "[", 
           RowBox[{"[", "j", "]"}], "]"}]}], ";", " ", 
         RowBox[{
          RowBox[{"tour", "[", 
           RowBox[{"[", "j", "]"}], "]"}], " ", "=", " ", "temp"}], ";", " ", 
         
         RowBox[{"i", " ", "=", " ", 
          RowBox[{"i", " ", "+", " ", "1"}]}], ";", " ", 
         RowBox[{"j", " ", "=", " ", 
          RowBox[{"j", " ", "-", " ", "1"}]}]}]}], "]"}], ";", " ", 
      "tour"}]}], "]"}]}], ";"}]], "Input",
 CellChangeTimes->{{3.832690343996475*^9, 3.832690391881052*^9}, {
  3.832690463528883*^9, 3.832690474989259*^9}, {3.832690653143749*^9, 
  3.832690728302331*^9}, {3.832690777878166*^9, 3.83269095591831*^9}},
 CellLabel->"In[70]:=",ExpressionUUID->"51316bc1-e09a-4b03-8d00-9e5c170ae173"],

Cell[BoxData[
 RowBox[{
  RowBox[{
   RowBox[{"Route", "[", "trip_", "]"}], " ", ":=", " ", 
   RowBox[{"Module", "[", 
    RowBox[{
     RowBox[{"{", 
      RowBox[{"points", ",", " ", "lines", ",", " ", "text"}], "}"}], ",", 
     " ", "\[IndentingNewLine]", 
     RowBox[{
      RowBox[{"points", " ", "=", " ", 
       RowBox[{"Point", "[", "coordOfCountries", "]"}]}], ";", 
      "\[IndentingNewLine]", 
      RowBox[{"text", " ", "=", " ", 
       RowBox[{"Table", "[", 
        RowBox[{
         RowBox[{"Text", "[", 
          RowBox[{
           RowBox[{"Style", "[", 
            RowBox[{
             RowBox[{"ToString", "@", "i"}], ",", " ", "Medium", ",", "12", 
             ",", " ", "Blue"}], "]"}], ",", " ", 
           RowBox[{"Offset", "[", 
            RowBox[{
             RowBox[{"{", " ", 
              RowBox[{
               RowBox[{"If", "[", 
                RowBox[{
                 RowBox[{
                  RowBox[{"coordOfCountries", "[", 
                   RowBox[{"[", 
                    RowBox[{"i", ",", "1"}], "]"}], "]"}], " ", ">", " ", 
                  "0"}], ",", " ", "10", ",", " ", 
                 RowBox[{"-", "10"}]}], "]"}], ",", " ", 
               RowBox[{"If", "[", 
                RowBox[{
                 RowBox[{
                  RowBox[{"coordOfCountries", "[", 
                   RowBox[{"[", 
                    RowBox[{"i", ",", "2"}], "]"}], "]"}], " ", ">", " ", 
                  "0"}], ",", " ", "10", ",", " ", 
                 RowBox[{"-", "10"}]}], "]"}]}], "}"}], ",", " ", 
             RowBox[{"{", 
              RowBox[{
               RowBox[{"coordOfCountries", "[", 
                RowBox[{"[", 
                 RowBox[{"i", ",", " ", "1"}], "]"}], "]"}], ",", " ", 
               RowBox[{"coordOfCountries", "[", 
                RowBox[{"[", 
                 RowBox[{"i", ",", " ", "2"}], "]"}], "]"}]}], "}"}]}], 
            "]"}]}], "]"}], ",", " ", 
         RowBox[{"{", 
          RowBox[{"i", ",", " ", "1", ",", " ", 
           RowBox[{"Length", "@", "coordOfCountries"}]}], "}"}]}], "]"}]}], 
      ";", "\n", "\[IndentingNewLine]", 
      RowBox[{"lines", " ", "=", 
       RowBox[{"Arrow", " ", "/@", " ", 
        RowBox[{"Join", "[", 
         RowBox[{
          RowBox[{"Table", "[", 
           RowBox[{
            RowBox[{"{", 
             RowBox[{
              RowBox[{"coordOfCountries", "[", 
               RowBox[{"[", "  ", 
                RowBox[{"trip", "[", 
                 RowBox[{"[", "i", "]"}], "]"}], "  ", "]"}], "]"}], ",", " ", 
              RowBox[{"coordOfCountries", "[", 
               RowBox[{"[", "  ", 
                RowBox[{"trip", "[", 
                 RowBox[{"[", 
                  RowBox[{"i", "+", "1"}], "]"}], "]"}], "  ", "]"}], "]"}]}],
              "}"}], ",", 
            RowBox[{"{", 
             RowBox[{"i", ",", " ", "1", ",", " ", 
              RowBox[{
               RowBox[{"Length", "@", "coordOfCountries"}], " ", "-", " ", 
               "1"}]}], "}"}]}], "]"}], ",", " ", 
          RowBox[{"{", 
           RowBox[{"{", " ", 
            RowBox[{
             RowBox[{"coordOfCountries", "[", 
              RowBox[{"[", "  ", 
               RowBox[{"trip", "[", 
                RowBox[{"[", 
                 RowBox[{"Length", "@", "trip"}], "]"}], "]"}], "  ", "]"}], 
              "]"}], ",", " ", 
             RowBox[{"coordOfCountries", "[", 
              RowBox[{"[", "  ", 
               RowBox[{"trip", "[", 
                RowBox[{"[", "1", "]"}], "]"}], "  ", "]"}], "]"}]}], "}"}], 
           "}"}]}], " ", "]"}]}]}], " ", ";", "\[IndentingNewLine]", 
      RowBox[{"Print", "[", 
       RowBox[{"\"\<Total route cost = \>\"", ",", 
        RowBox[{"N", "@", 
         RowBox[{"Total", "@", 
          RowBox[{"Join", "[", 
           RowBox[{
            RowBox[{"Table", "[", 
             RowBox[{
              RowBox[{"costMatrix", "[", 
               RowBox[{"[", "  ", 
                RowBox[{
                 RowBox[{"trip", "[", 
                  RowBox[{"[", "i", "]"}], "]"}], ",", " ", 
                 RowBox[{"trip", "[", 
                  RowBox[{"[", 
                   RowBox[{"i", "+", "1"}], "]"}], "]"}]}], "  ", "]"}], 
               "]"}], ",", 
              RowBox[{"{", 
               RowBox[{"i", ",", " ", "1", ",", " ", 
                RowBox[{
                 RowBox[{"Length", "@", "trip"}], " ", "-", " ", "1"}]}], 
               "}"}]}], "]"}], ",", " ", 
            RowBox[{"{", " ", 
             RowBox[{"costMatrix", "[", 
              RowBox[{"[", "  ", 
               RowBox[{
                RowBox[{"trip", "[", 
                 RowBox[{"[", 
                  RowBox[{"Length", "@", "trip"}], "]"}], "]"}], ",", " ", 
                RowBox[{"trip", "[", 
                 RowBox[{"[", "1", "]"}], "]"}]}], "  ", "]"}], "]"}], 
             "}"}]}], " ", "]"}]}]}]}], "]"}], ";", "\[IndentingNewLine]", 
      RowBox[{"GeoGraphics", "[", 
       RowBox[{
        RowBox[{"{", 
         RowBox[{
          RowBox[{"Arrowheads", "[", "0.01", "]"}], ",", " ", "lines", ",", 
          " ", "points", ",", " ", "text"}], "}"}], ",", " ", 
        RowBox[{"ImageSize", "\[Rule]", " ", "1500"}]}], "]"}]}]}], 
    "\[IndentingNewLine]", "]"}]}], ";"}]], "Input",
 CellChangeTimes->{{3.832421166673497*^9, 3.832421228684339*^9}, {
   3.8324216389107122`*^9, 3.832421669945153*^9}, {3.8324219554026747`*^9, 
   3.832421982949319*^9}, {3.832422030309486*^9, 3.832422142725595*^9}, {
   3.832422235358358*^9, 3.832422295968129*^9}, {3.8324223344395638`*^9, 
   3.8324223894344263`*^9}, {3.832422421446101*^9, 3.832422492127927*^9}, {
   3.8324225232643433`*^9, 3.8324225237375307`*^9}, {3.832426268400874*^9, 
   3.832426411488501*^9}, {3.832426459572669*^9, 3.832426493080885*^9}, {
   3.832426743398044*^9, 3.8324267498661633`*^9}, {3.832426798051057*^9, 
   3.832426802336985*^9}, {3.832426857058805*^9, 3.8324268729067802`*^9}, {
   3.8324270488334293`*^9, 3.832427118001285*^9}, {3.832427236118972*^9, 
   3.83242732703688*^9}, {3.832427370275029*^9, 3.832427513262052*^9}, {
   3.832427574860795*^9, 3.8324275924968367`*^9}, {3.8324276870382833`*^9, 
   3.832427694336721*^9}, 3.832437200509572*^9, {3.8326575726082077`*^9, 
   3.832657573433003*^9}, {3.832657693303462*^9, 3.832657696951437*^9}, {
   3.832657744563088*^9, 3.832657751375801*^9}, {3.832657785623562*^9, 
   3.832657862119705*^9}, {3.832657904230798*^9, 3.8326579053194933`*^9}, {
   3.832657954478374*^9, 3.832658024986196*^9}, {3.832658065535715*^9, 
   3.832658072221698*^9}, {3.832658111133441*^9, 3.832658122370385*^9}, {
   3.832658162393177*^9, 3.832658212464625*^9}, {3.832658274150076*^9, 
   3.832658347482603*^9}, {3.832659289493947*^9, 3.832659316854248*^9}, {
   3.832659357279039*^9, 3.832659373790984*^9}, {3.832659432444116*^9, 
   3.8326595051115294`*^9}, {3.832659622621378*^9, 3.832659642370007*^9}, {
   3.832659722356101*^9, 3.832659742192174*^9}, {3.832659774954399*^9, 
   3.832659824929051*^9}, {3.832659869040509*^9, 3.832659910949938*^9}, {
   3.8326599486114807`*^9, 3.8326599650362883`*^9}, {3.832659999185936*^9, 
   3.832659999522732*^9}, {3.832660062571477*^9, 3.83266006287075*^9}, {
   3.832660151044004*^9, 3.8326601643674107`*^9}, {3.832660195155012*^9, 
   3.832660195641597*^9}},
 CellLabel->"In[71]:=",ExpressionUUID->"c56ea6a2-674c-4b17-824e-426b5e97c4e4"],

Cell[CellGroupData[{

Cell[BoxData[
 RowBox[{"Route", "[", "trip", "]"}]], "Input",
 CellLabel->"In[72]:=",ExpressionUUID->"103bfba2-1ec6-4bde-8719-9fd929ea1ed1"],

Cell[BoxData[
 InterpretationBox[
  RowBox[{"\<\"Total route cost = \"\>", "\[InvisibleSpace]", 
   "823.1860127249756`"}],
  SequenceForm["Total route cost = ", 823.1860127249756],
  Editable->False]], "Print",
 CellChangeTimes->{{3.8326578539854403`*^9, 3.8326578637517033`*^9}, 
   3.832657906614025*^9, {3.8326579589726353`*^9, 3.8326580265133877`*^9}, {
   3.832658067299548*^9, 3.832658073533516*^9}, {3.832658113200865*^9, 
   3.832658123769414*^9}, {3.832658167148666*^9, 3.8326582137074738`*^9}, 
   3.832658278995388*^9, {3.832658309312169*^9, 3.832658372947982*^9}, {
   3.832659252822577*^9, 3.8326592751717873`*^9}, {3.832659338548214*^9, 
   3.8326593401442137`*^9}, 3.83265937521484*^9, {3.8326594351522284`*^9, 
   3.832659477080799*^9}, {3.832659510412095*^9, 3.83265952670796*^9}, {
   3.8326596277345448`*^9, 3.832659643648549*^9}, {3.832659730000915*^9, 
   3.832659743676787*^9}, {3.832659784288652*^9, 3.832659819675951*^9}, {
   3.832659896849656*^9, 3.832659912308296*^9}, 3.832659966511209*^9, 
   3.832660001539089*^9, 3.83266006426504*^9, 3.832660165910831*^9, 
   3.8326603554921207`*^9, 3.832660390227789*^9, 3.832685197747265*^9, 
   3.83269108616606*^9, 3.8326915123143673`*^9, 3.832691554924983*^9},
 CellLabel->
  "During evaluation of \
In[72]:=",ExpressionUUID->"ade38356-4ad1-4630-bf84-06ca41e28e4f"],

Cell[BoxData[
 GraphicsBox[{{
    TagBox[
     {Texture[
       GraphicsBox[
        TagBox[
         RasterBox[CompressedData["
1:eJzsvftzG9eZ/jm1+8Puj/sv7H/himtc3nG5alLeUvlSa0cpVxxlnXji9SqW
