21
0. 38.26469400683278 31.16668726088092 35.51057444120387 27.17427180585784 80.51890630337346 13.42948463447265 12.34729594502156 60.035101116819874 32.94270444715437 104.13749986243238 34.57286387296653 25.052191411230375 16.98671507322319 22.556478873386087 31.382669482694713 30.531906192533995 37.97641081104143 40.81086266424116 41.02259495879203 19.89184810096862
38.26469400683278 0. 10.877400779824056 7.503663779426818 20.43829053533431 114.45108281413007 29.521585896430718 37.6402282402295 33.04763589800108 11.31069367170679 137.77383225475998 3.7384733153117473 17.67894250673238 21.744612566357212 21.840806071458285 20.637529304356033 13.422119441352026 10.371593531439656 15.506678891485725 11.41393155535344 23.973333289007453
31.16668726088092 10.877400779824056 0. 4.646750175211166 9.56113078142021 110.37987322259497 20.231175395462177 33.82201078847567 31.38272267391032 2.2437096779318417 133.93002656757318 8.06179032454857 7.294136223002147 14.254487542694232 21.509439862465317 10.271745750411908 17.10922156769328 6.906962894397652 11.03111507456114 9.965515520881496 13.87842080913387
35.51057444120387 7.503663779426818 4.646750175211166 0. 13.63840185231635 114.15278988849799 24.866740177777004 37.321219244354275 28.959209270397213 4.0711961329823 137.656914509631 6.141911469314739 11.920218991358215 18.52690005128138 23.602606576807084 13.251146227955532 17.40256068411847 3.92492052622483 9.263326433218525 6.510971180656924 18.511404052755292
27.17427180585784 20.43829053533431 9.56113078142021 13.63840185231635 0. 107.67531914260896 14.170037546303998 33.251539746593664 32.86578836633343 9.592099480134053 131.2948704098064 17.482401345512518 4.614140048468944 12.803081722628036 25.482226561562495 4.299898199180301 24.281243566291735 13.759186392604217 14.513746052345308 16.30357887516888 7.309061457190863
80.51890630337346 114.45108281413007 110.37987322259497 114.15278988849799 107.67531914260896 0. 93.8378372097562 76.94787188319482 140.49995950854 112.42110956883829 23.61955233513923 111.27421613869053 105.19287009904183 96.36501246769491 92.8934498049382 111.90002634130235 102.27197906124799 117.27465077128947 120.83478051499007 120.31874205948989 100.40893258934018
13.42948463447265 29.521585896430718 20.231175395462177 24.866740177777004 14.170037546303998 93.8378372097562 0. 22.21833268918712 46.931455063575655 21.54261355517842 117.44888112605275 25.833866947387822 13.157239450726813 8.854459816663752 22.21433657460898 18.216215411314643 26.433491035217898 26.507093469359482 28.440624373447783 29.42562641305826 6.9330724009664
12.34729594502156 37.6402282402295 33.82201078847567 37.321219244354275 33.251539746593664 76.94787188319482 22.21833268918712 0. 64.89413057108092 35.9681151577058 100.39031064678935 34.36123629793486 29.729941468068535 20.62590584322778 16.95551462593492 37.51565431404789 26.456374214231133 40.6278297332879 44.66386656401822 43.629036433556735 26.791334103835155
60.035101116819874 33.04763589800108 31.38272267391032 28.959209270397213 32.86578836633343 140.49995950854 46.931455063575655 64.89413057108092 0. 29.15365248507888 164.11761456067384 34.259109029967135 35.41937277423784 44.45186714710844 52.5244730808454 28.717016745366156 45.92378475007601 25.110453829989872 20.354385103921096 22.532477943823245 40.168185762614186
32.94270444715437 11.31069367170679 2.2437096779318417 4.0711961329823 9.592099480134053 112.42110956883829 21.54261355517842 35.9681151577058 29.15365248507888 0. 135.9841370885168 9.092919234813976 8.393434294751403 16.15187963695743 23.7359832890265 9.329754957737851 19.03106890675571 5.044266764497394 8.799327385732898 8.080096441851731 14.923171828737516
104.13749986243238 137.77383225475998 133.93002656757318 137.656914509631 131.2948704098064 23.61955233513923 117.44888112605275 100.39031064678935 164.11761456067384 135.9841370885168 0. 134.65457293077037 128.79930590274233 119.95128398246143 116.10542604227467 135.51910607869058 125.40092835192176 140.81796853513148 144.42552152267535 143.85694480918147 124.02798198440847
34.57286387296653 3.7384733153117473 8.06179032454857 6.141911469314739 17.482401345512518 111.27421613869053 25.833866947387822 34.36123629793486 34.259109029967135 9.092919234813976 134.65457293077037 0. 14.320371072551472 18.006523855112345 19.110803996542504 18.26235036012572 11.668835628453854 9.878268773451799 15.274486551082784 11.835716848265886 20.445773206966884
25.052191411230375 17.67894250673238 7.294136223002147 11.920218991358215 4.614140048468944 105.19287009904183 13.157239450726813 29.729941468068535 35.41937277423784 8.393434294751403 128.79930590274233 14.320371072551472 0. 9.110376923475398 20.917572611365504 8.222355896422448 19.84376517132928 13.3530138239399 15.760664424540545 16.296484688593242 6.592027735325754
16.98671507322319 21.744612566357212 14.254487542694232 18.52690005128138 12.803081722628036 96.36501246769491 8.854459816663752 20.62590584322778 44.45186714710844 16.15187963695743 119.95128398246143 18.006523855112345 9.110376923475398 0. 14.506742472123126 16.987589235074 17.59615328646633 21.133214848937136 24.4762784381208 24.193510954410172 7.6887746989442345
22.556478873386087 21.840806071458285 21.509439862465317 23.602606576807084 25.482226561562495 92.8934498049382 22.21433657460898 16.95551462593492 52.5244730808454 23.7359832890265 116.10542604227467 19.110803996542504 20.917572611365504 14.506742472123126 0. 28.997165584940905 9.543860735037208 27.414745697364875 32.36090426494207 30.102434454760797 22.090275785527442
31.382669482694713 20.637529304356033 10.271745750411908 13.251146227955532 4.299898199180301 111.90002634130235 18.216215411314643 37.51565431404789 28.717016745366156 9.329754957737851 135.51910607869058 18.26235036012572 8.222355896422448 16.987589235074 28.997165584940905 0. 26.703572646924567 12.138312839682833 11.40517513184366 14.122264961119695 11.491135229354366
30.531906192533995 13.422119441352026 17.10922156769328 17.40256068411847 24.281243566291735 102.27197906124799 26.433491035217898 26.456374214231133 45.92378475007601 19.03106890675571 125.40092835192176 11.668835628453854 19.84376517132928 17.59615328646633 9.543860735037208 26.703572646924567 0. 21.31128567451736 26.66304020512351 23.486166952212297 23.69660775753544
37.97641081104143 10.371593531439656 6.906962894397652 3.92492052622483 13.759186392604217 117.27465077128947 26.507093469359482 40.6278297332879 25.110453829989872 5.044266764497394 140.81796853513148 9.878268773451799 13.3530138239399 21.133214848937136 27.414745697364875 12.138312839682833 21.31128567451736 0. 5.3966932177829054 3.061128652560686 19.783643590193847
40.81086266424116 15.506678891485725 11.03111507456114 9.263326433218525 14.513746052345308 120.83478051499007 28.440624373447783 44.66386656401822 20.354385103921096 8.799327385732898 144.42552152267535 15.274486551082784 15.760664424540545 24.4762784381208 32.36090426494207 11.40517513184366 26.66304020512351 5.3966932177829054 0. 4.465375327914104 21.51127898925664
41.02259495879203 11.41393155535344 9.965515520881496 6.510971180656924 16.30357887516888 120.31874205948989 29.42562641305826 43.629036433556735 22.532477943823245 8.080096441851731 143.85694480918147 11.835716848265886 16.296484688593242 24.193510954410172 30.102434454760797 14.122264961119695 23.486166952212297 3.061128652560686 4.465375327914104 0. 22.637352772593573
19.89184810096862 23.973333289007453 13.87842080913387 18.511404052755292 7.309061457190863 100.40893258934018 6.9330724009664 26.791334103835155 40.168185762614186 14.923171828737516 124.02798198440847 20.445773206966884 6.592027735325754 7.6887746989442345 22.090275785527442 11.491135229354366 23.69660775753544 19.783643590193847 21.51127898925664 22.637352772593573 0.